c1,c2,c3,w1,w2,w3,l1,l2,l3,i1,i2,i3,r1,r2,r3
0.08785142,0.08884664,0.82356891,0.08771848,0.08871273,0.82356879,0.33225589,0.33234494,0.33539917,0.04144845,0.04239286,0.9161587,0.01112282,0.01137625,0.97750093
2.27135835,2.27345685,4.07590188,0.2483711,0.250469,0.50115989,0.20354145,0.20472814,0.59173042,0.30800777,0.30857716,0.38341507,0.19149755,0.19185156,0.61665088
0.16327991,0.65532177,0.48270329,0.06407484,0.55548338,0.38044178,0.07016609,0.54488781,0.3849461,0.04052963,0.65285436,0.30661602,0.03868809,0.62319076,0.33812115
0.0827695,0.50687431,0.4400432,0.07187572,0.49453375,0.43359052,0.19928848,0.43521659,0.36549493,0.02093676,0.78518028,0.19388296,0.01497734,0.56168723,0.42333543
0.58468255,0.6182437,0.89867368,0.21900272,0.25161183,0.52938545,0.21951557,0.25150849,0.52897594,0.23112549,0.25842051,0.51045401,0.22318677,0.24954426,0.52726897
0.27971184,0.27656513,0.52254737,0.24302745,0.23989665,0.5170759,0.28829284,0.28601568,0.42569148,0.29057322,0.28407219,0.42535459,0.18289358,0.17880168,0.63830474
0.29002679,0.28183363,0.51762432,0.248707,0.24054279,0.51075021,0.28751637,0.28138036,0.43110327,0.29879137,0.2821483,0.41906033,0.19494625,0.18408749,0.62096626
0.26352977,0.26959524,0.52064581,0.23799429,0.24403694,0.51796878,0.29635355,0.30024776,0.40339869,0.28798463,0.30139386,0.4106215,0.16807277,0.17589863,0.65602859
0.24439637,0.24847356,0.54052199,0.22826673,0.23232157,0.53941171,0.30617904,0.30840986,0.3854111,0.27630805,0.28560407,0.43808789,0.14440247,0.1492607,0.70633683
0.22718392,0.2270108,0.57205775,0.21442196,0.21425029,0.57132775,0.30913373,0.30904544,0.38182083,0.25137269,0.25098972,0.4976376,0.11991857,0.11973587,0.76034555
0.21483748,0.21458316,0.59302237,0.2038922,0.20364038,0.59246742,0.31029101,0.31016702,0.37954197,0.23108615,0.23053936,0.53837449,0.10398192,0.10373588,0.79228219
0.19981081,0.19978114,0.62962362,0.18568226,0.18565315,0.62866459,0.29929543,0.29927895,0.40142562,0.18972349,0.18966714,0.62060938,0.08382843,0.08380354,0.83236803
0.20239024,0.20240198,0.6317125,0.18486841,0.18487988,0.63025171,0.29198192,0.29198898,0.4160291,0.1849689,0.18499037,0.63004073,0.08516162,0.08517151,0.82966687
0.2075242,0.20745899,0.63102301,0.18564111,0.18557782,0.62878106,0.28384605,0.28380397,0.43234998,0.18295861,0.18284365,0.63419774,0.08892564,0.08886977,0.8222046
0.21357383,0.21355373,0.63046897,0.18646381,0.18644442,0.62709177,0.27498711,0.27497331,0.45003958,0.1808144,0.18078037,0.63840522,0.09333505,0.09331748,0.81334747
0.22004252,0.22001614,0.63120791,0.18688369,0.18685842,0.62625788,0.26562159,0.2656025,0.46877591,0.177825,0.17778236,0.64439264,0.09776635,0.09774291,0.80449074
0.22651909,0.22653693,0.63383539,0.1865856,0.18660256,0.62681184,0.25590928,0.25592276,0.48816796,0.17364433,0.1736717,0.65268397,0.1017312,0.10174723,0.79652157
0.23133124,0.23316417,0.63910654,0.18434765,0.18607161,0.62958074,0.2454688,0.24689646,0.50763474,0.16663455,0.16928564,0.66407981,0.10364192,0.10529082,0.79106725
0.25933255,0.2158605,0.64563196,0.20371099,0.16327742,0.63301159,0.25423625,0.21962364,0.52614011,0.19246598,0.13334793,0.67418609,0.12672823,0.08780225,0.78546952
,,,,,,,,,,,,,,
0.22908813,0.22908813,0.65825567,0.17667261,0.17667261,0.64665478,0.23399377,0.23399377,0.53201247,0.15056938,0.15056938,0.69886125,0.0975013,0.0975013,0.80499739
0.24989036,0.24989284,0.68250065,0.17070442,0.17070662,0.65858895,0.20532152,0.20532354,0.58935494,0.13760753,0.13761027,0.7247822,0.10571411,0.10571621,0.78856969
0.25043742,0.25043809,0.69922914,0.16408136,0.16408195,0.67183669,0.19459208,0.19459263,0.61081529,0.12797438,0.12797506,0.74405056,0.10208827,0.10208882,0.79582291
0.24896968,0.24897203,0.71773339,0.15628202,0.15628401,0.68743397,0.18344052,0.1834424,0.63311709,0.11776612,0.11776835,0.76446553,0.09698721,0.09698904,0.80602375
0.24531419,0.24531619,0.73773554,0.14733261,0.14733424,0.70533315,0.17175677,0.17175833,0.65648489,0.10704942,0.10705116,0.78589942,0.09054754,0.09054901,0.81890346
0.23944777,0.23944901,0.75882006,0.13736411,0.13736509,0.7252708,0.1595394,0.15954034,0.68092027,0.0960079,0.09600889,0.8079832,0.08303691,0.08303777,0.83392533
0.23136177,0.23136353,0.78063153,0.1265108,0.12651214,0.74697706,0.1468202,0.1468215,0.70635829,0.08479955,0.08480084,0.83039961,0.07471393,0.07471507,0.850571
0.22118331,0.22118323,0.8027879,0.11497537,0.11497531,0.77004932,0.13370087,0.13370081,0.73259832,0.073651,0.07365094,0.85269806,0.06590494,0.06590489,0.86819017
0.20913489,0.20913564,0.82486025,0.10302236,0.10302288,0.79395476,0.120367,0.12036751,0.7592655,0.0628272,0.06282766,0.87434514,0.05695942,0.05695983,0.88608076
0.19554472,0.19554515,0.84642245,0.09095713,0.0909574,0.81808547,0.10705506,0.10705533,0.78588961,0.05260111,0.05260134,0.89479754,0.04822477,0.04822498,0.90355025
0.18086735,0.1808678,0.86701731,0.07912938,0.07912966,0.84174096,0.09405729,0.09405757,0.81188514,0.0432432,0.04324342,0.91351337,0.04003327,0.04003348,0.91993325
0.16559664,0.16559825,0.88623342,0.0678716,0.06787251,0.86425589,0.08166997,0.08167087,0.83665916,0.03495053,0.03495121,0.93009826,0.03263564,0.03263627,0.93472809
0.15023046,0.15022994,0.90373669,0.05746858,0.05746831,0.88506311,0.07016211,0.07016184,0.85967605,0.02782924,0.02782905,0.94434171,0.02618605,0.02618587,0.94762807
0.13527679,0.1352765,0.91931914,0.04812427,0.04812413,0.9037516,0.05971662,0.05971648,0.88056691,0.02190336,0.02190327,0.95619337,0.02075403,0.02075394,0.95849203
0.12107574,0.12107566,0.93293916,0.03991824,0.03991821,0.92016355,0.05041354,0.05041351,0.89917295,0.0170868,0.01708678,0.96582641,0.01629369,0.01629367,0.96741265
0.10789503,0.10789555,0.94462098,0.03286933,0.03286955,0.93426112,0.04228524,0.04228546,0.9154293,0.01325597,0.0132561,0.97348793,0.01271455,0.01271468,0.97457077
0.09586091,0.09586164,0.95450125,0.02691251,0.02691278,0.94617471,0.03528315,0.03528342,0.92943342,0.0102532,0.01025336,0.97949344,0.00988682,0.00988697,0.98022622
0.08500905,0.08500902,0.96277141,0.02193946,0.02193945,0.95612108,0.02931257,0.02931256,0.94137488,0.00792266,0.00792266,0.98415468,0.00767652,0.00767652,0.98464696
0.07531322,0.07531322,0.96963167,0.01782898,0.01782898,0.96434204,0.02426728,0.02426728,0.95146544,0.00612545,0.00612545,0.9877491,0.00596101,0.00596101,0.98807797
0.06669078,0.06669083,0.97530014,0.01444755,0.01444756,0.97110489,0.02001939,0.02001941,0.9599612,0.0047417,0.00474171,0.99051659,0.00463247,0.00463248,0.99073505
0.05906897,0.05906908,0.97994926,0.01168694,0.01168697,0.97662608,0.0164707,0.01647073,0.96705857,0.00367945,0.00367947,0.99264108,0.00360717,0.00360719,0.99278564
0.05234698,0.05234707,0.98374987,0.00944076,0.00944078,0.98111847,0.01351684,0.01351686,0.9729663,0.00286321,0.00286322,0.99427358,0.00281554,0.00281555,0.99436891
0.04643544,0.04643537,0.98684322,0.00762092,0.00762091,0.98475817,0.01107049,0.01107048,0.97785903,0.00223573,0.00223573,0.99552854,0.00220437,0.00220436,0.99559127
0.04124029,0.04124035,0.98935703,0.0061486,0.00614861,0.98770279,0.00904851,0.00904852,0.98190297,0.00175213,0.00175213,0.99649574,0.00173153,0.00173154,0.99653693
0.03667679,0.03667666,0.991396,0.00495942,0.0049594,0.99008118,0.00738197,0.00738195,0.98523608,0.0013784,0.00137839,0.99724321,0.0013649,0.00136489,0.99727021
0.03266923,0.03266926,0.99304769,0.00399989,0.0039999,0.99200021,0.00601117,0.00601117,0.98797766,0.00108877,0.00108877,0.99782246,0.00107994,0.00107994,0.99784012
0.02914142,0.02914142,0.99438436,0.00322598,0.00322598,0.99354804,0.0048869,0.0048869,0.9902262,0.00086314,0.00086314,0.99827372,0.00085737,0.00085737,0.99828526
0.02603454,0.02603444,0.99546574,0.00260183,0.00260181,0.99479636,0.00396592,0.00396591,0.99206816,0.00068682,0.00068681,0.99862637,0.00068305,0.00068305,0.9986339
0.02329614,0.02329613,0.99633995,0.00209864,0.00209864,0.99580271,0.003213,0.003213,0.99357399,0.00054856,0.00054856,0.99890287,0.00054611,0.00054611,0.99890779
0.02087149,0.02087146,0.99704761,0.00169222,0.00169222,0.99661556,0.0025979,0.00259789,0.99480421,0.00043942,0.00043942,0.99912117,0.00043782,0.00043782,0.99912436
0.01872093,0.01872092,0.99762008,0.00136404,0.00136404,0.99727192,0.0020965,0.0020965,0.99580701,0.00035294,0.00035294,0.99929413,0.0003519,0.0003519,0.9992962
0.01680809,0.01680808,0.9980833,0.00109885,0.00109885,0.99780229,0.00168835,0.00168835,0.99662331,0.00028411,0.00028411,0.99943178,0.00028344,0.00028344,0.99943313
0.01510239,0.0151024,0.99845805,0.00088453,0.00088453,0.99823094,0.00135671,0.00135671,0.99728657,0.00022912,0.00022912,0.99954177,0.00022868,0.00022868,0.99954263
0.01358055,0.01358055,0.99876085,0.00071148,0.00071148,0.99857705,0.00108791,0.00108791,0.99782418,0.0001851,0.0001851,0.9996298,0.00018482,0.00018482,0.99963036
0.01222027,0.01222027,0.99900533,0.0005718,0.0005718,0.9988564,0.00087053,0.00087053,0.99825895,0.00014977,0.00014977,0.99970047,0.00014959,0.00014959,0.99970082
0.01100183,0.01100184,0.99920257,0.0004591,0.00045911,0.99908179,0.00069512,0.00069512,0.99860977,0.00012132,0.00012132,0.99975736,0.0001212,0.0001212,0.99975759
0.00991027,0.00991024,0.99936146,0.00036829,0.00036829,0.99926342,0.00055394,0.00055394,0.99889213,9.839e-05,9.839e-05,0.99980322,9.832e-05,9.832e-05,0.99980336
0.00893101,0.00893101,0.99948935,0.00029515,0.00029515,0.99940969,0.00044055,0.00044055,0.9991189,7.988e-05,7.988e-05,0.99984024,7.983e-05,7.983e-05,0.99984034
0.00805191,0.00805191,0.9995921,0.00023633,0.00023633,0.99952734,0.00034973,0.00034973,0.99930054,6.491e-05,6.491e-05,0.99987019,6.488e-05,6.488e-05,0.99987024
0.00726155,0.00726154,0.99967465,0.00018902,0.00018902,0.99962196,0.00027708,0.00027708,0.99944584,5.278e-05,5.278e-05,0.99989445,5.276e-05,5.276e-05,0.99989448
0.00655101,0.00655101,0.9997408,0.00015104,0.00015104,0.99969791,0.00021915,0.00021915,0.9995617,4.295e-05,4.295e-05,0.99991411,4.293e-05,4.293e-05,0.99991413
0.0059148,0.0059148,0.99979364,0.00012066,0.00012066,0.99975867,0.00017312,0.00017312,0.99965377,3.5e-05,3.5e-05,0.99992999,3.5e-05,3.5e-05,0.99993001
0.00534252,0.00534252,0.99983589,9.632e-05,9.632e-05,0.99980736,0.00013656,0.00013656,0.99972688,2.855e-05,2.855e-05,0.99994289,2.855e-05,2.855e-05,0.9999429
0.00482061,0.00482061,0.99986985,7.669e-05,7.669e-05,0.99984661,0.00010743,0.00010743,0.99978514,2.325e-05,2.325e-05,0.99995351,2.324e-05,2.324e-05,0.99995351
0.00435112,0.00435111,0.99989689,6.102e-05,6.102e-05,0.99987797,8.44e-05,8.44e-05,0.99983119,1.894e-05,1.894e-05,0.99996213,1.894e-05,1.894e-05,0.99996213
0.00392736,0.00392736,0.99991843,4.849e-05,4.849e-05,0.99990301,6.622e-05,6.622e-05,0.99986756,1.543e-05,1.543e-05,0.99996915,1.543e-05,1.543e-05,0.99996915
0.00354468,0.00354468,0.99993557,3.85e-05,3.85e-05,0.99992301,5.188e-05,5.188e-05,0.99989625,1.257e-05,1.257e-05,0.99997487,1.257e-05,1.257e-05,0.99997487
0.00319839,0.00319839,0.99994919,3.052e-05,3.052e-05,0.99993897,4.058e-05,4.058e-05,0.99991885,1.023e-05,1.023e-05,0.99997954,1.023e-05,1.023e-05,0.99997954
0.0028845,0.00288451,0.99996002,2.415e-05,2.415e-05,0.9999517,3.168e-05,3.168e-05,0.99993663,8.32e-06,8.32e-06,0.99998336,8.32e-06,8.32e-06,0.99998336
0.00259993,0.00259992,0.99996859,1.909e-05,1.909e-05,0.99996183,2.471e-05,2.471e-05,0.99995059,6.76e-06,6.76e-06,0.99998648,6.76e-06,6.76e-06,0.99998648
0.00234143,0.00234143,0.99997538,1.505e-05,1.505e-05,0.9999699,1.922e-05,1.922e-05,0.99996155,5.48e-06,5.48e-06,0.99998903,5.48e-06,5.48e-06,0.99998904
0.00210606,0.00210606,0.99998076,1.184e-05,1.184e-05,0.99997633,1.492e-05,1.492e-05,0.99997015,4.44e-06,4.44e-06,0.99999113,4.44e-06,4.44e-06,0.99999113
0.00189185,0.00189185,0.99998501,9.28e-06,9.28e-06,0.99998143,1.156e-05,1.156e-05,0.99997689,3.58e-06,3.58e-06,0.99999284,3.58e-06,3.58e-06,0.99999284
0.00169746,0.00169746,0.99998835,7.27e-06,7.27e-06,0.99998547,8.93e-06,8.93e-06,0.99998214,2.88e-06,2.88e-06,0.99999424,2.88e-06,2.88e-06,0.99999424
0.00151992,0.00151992,0.99999098,5.66e-06,5.66e-06,0.99998867,6.88e-06,6.88e-06,0.99998624,2.31e-06,2.31e-06,0.99999538,2.31e-06,2.31e-06,0.99999538
0.00135889,0.00135889,0.99999304,4.4e-06,4.4e-06,0.99999119,5.29e-06,5.29e-06,0.99998942,1.85e-06,1.85e-06,0.99999631,1.85e-06,1.85e-06,0.99999631
0.00121278,0.00121278,0.99999465,3.41e-06,3.41e-06,0.99999318,4.05e-06,4.05e-06,0.99999189,1.47e-06,1.47e-06,0.99999706,1.47e-06,1.47e-06,0.99999706
0.00108051,0.00108051,0.9999959,2.64e-06,2.64e-06,0.99999473,3.1e-06,3.1e-06,0.9999938,1.17e-06,1.17e-06,0.99999766,1.17e-06,1.17e-06,0.99999766
0.00096147,0.00096147,0.99999686,2.03e-06,2.03e-06,0.99999594,2.36e-06,2.36e-06,0.99999527,9.2e-07,9.2e-07,0.99999815,9.2e-07,9.2e-07,0.99999815
0.00085148,0.00085148,0.99999762,1.55e-06,1.55e-06,0.99999689,1.79e-06,1.79e-06,0.99999642,7.3e-07,7.3e-07,0.99999855,7.3e-07,7.3e-07,0.99999855
0.00075186,0.00075186,0.9999982,1.18e-06,1.18e-06,0.99999764,1.35e-06,1.35e-06,0.9999973,5.7e-07,5.7e-07,0.99999887,5.7e-07,5.7e-07,0.99999887
0.00066269,0.00066269,0.99999865,9e-07,9e-07,0.99999821,1.02e-06,1.02e-06,0.99999797,4.4e-07,4.4e-07,0.99999912,4.4e-07,4.4e-07,0.99999912
0.00058385,0.00058385,0.99999898,6.8e-07,6.8e-07,0.99999864,7.6e-07,7.6e-07,0.99999847,3.4e-07,3.4e-07,0.99999932,3.4e-07,3.4e-07,0.99999932
0.00051082,0.00051082,0.99999924,5.1e-07,5.1e-07,0.99999898,5.7e-07,5.7e-07,0.99999887,2.6e-07,2.6e-07,0.99999948,2.6e-07,2.6e-07,0.99999948
0.00044809,0.00044809,0.99999944,3.8e-07,3.8e-07,0.99999924,4.2e-07,4.2e-07,0.99999915,2e-07,2e-07,0.9999996,2e-07,2e-07,0.9999996
0.0003896,0.0003896,0.99999959,2.8e-07,2.8e-07,0.99999943,3.1e-07,3.1e-07,0.99999938,1.5e-07,1.5e-07,0.9999997,1.5e-07,1.5e-07,0.9999997
0.00033779,0.00033779,0.9999997,2.1e-07,2.1e-07,0.99999958,2.3e-07,2.3e-07,0.99999954,1.1e-07,1.1e-07,0.99999977,1.1e-07,1.1e-07,0.99999977
0.00029295,0.00029295,0.99999978,1.5e-07,1.5e-07,0.99999969,1.7e-07,1.7e-07,0.99999966,9e-08,9e-08,0.99999983,9e-08,9e-08,0.99999983
0.00025462,0.00025462,0.99999984,1.1e-07,1.1e-07,0.99999977,1.2e-07,1.2e-07,0.99999975,6e-08,6e-08,0.99999987,6e-08,6e-08,0.99999987
0.00022075,0.00022075,0.99999988,8e-08,8e-08,0.99999983,9e-08,9e-08,0.99999982,5e-08,5e-08,0.9999999,5e-08,5e-08,0.9999999
0.00018879,0.00018879,0.99999991,6e-08,6e-08,0.99999988,6e-08,6e-08,0.99999987,4e-08,4e-08,0.99999993,4e-08,4e-08,0.99999993
0.00016259,0.00016259,0.99999994,4e-08,4e-08,0.99999991,5e-08,5e-08,0.99999991,3e-08,3e-08,0.99999995,3e-08,3e-08,0.99999995
0.0001385,0.0001385,0.99999996,3e-08,3e-08,0.99999994,3e-08,3e-08,0.99999993,2e-08,2e-08,0.99999996,2e-08,2e-08,0.99999996
0.00011879,0.00011879,0.99999997,2e-08,2e-08,0.99999995,2e-08,2e-08,0.99999995,1e-08,1e-08,0.99999997,1e-08,1e-08,0.99999997
9.986e-05,9.986e-05,0.99999998,2e-08,2e-08,0.99999997,2e-08,2e-08,0.99999997,1e-08,1e-08,0.99999998,1e-08,1e-08,0.99999998
8.381e-05,8.381e-05,0.99999998,1e-08,1e-08,0.99999998,1e-08,1e-08,0.99999998,1e-08,1e-08,0.99999999,1e-08,1e-08,0.99999999
7.022e-05,7.022e-05,0.99999999,1e-08,1e-08,0.99999998,1e-08,1e-08,0.99999998,0.0,0.0,0.99999999,0.0,0.0,0.99999999
5.856e-05,5.856e-05,0.99999999,1e-08,1e-08,0.99999999,1e-08,1e-08,0.99999999,0.0,0.0,0.99999999,0.0,0.0,0.99999999
4.878e-05,4.879e-05,1.0,0.0,0.0,0.99999999,0.0,0.0,0.99999999,0.0,0.0,1.0,0.0,0.0,1.0
4.053e-05,4.053e-05,1.0,0.0,0.0,1.0,0.0,0.0,0.99999999,0.0,0.0,1.0,0.0,0.0,1.0
3.36e-05,3.36e-05,1.0,0.0,0.0,1.0,0.0,0.0,1.0,0.0,0.0,1.0,0.0,0.0,1.0
2.776e-05,2.776e-05,1.0,0.0,0.0,1.0,0.0,0.0,1.0,0.0,0.0,1.0,0.0,0.0,1.0
2.289e-05,2.289e-05,1.0,0.0,0.0,1.0,0.0,0.0,1.0,0.0,0.0,1.0,0.0,0.0,1.0
1.881e-05,1.881e-05,1.0,0.0,0.0,1.0,0.0,0.0,1.0,0.0,0.0,1.0,0.0,0.0,1.0
1.542e-05,1.542e-05,1.0,0.0,0.0,1.0,0.0,0.0,1.0,0.0,0.0,1.0,0.0,0.0,1.0
1.26e-05,1.26e-05,1.0,0.0,0.0,1.0,0.0,0.0,1.0,0.0,0.0,1.0,0.0,0.0,1.0
1.026e-05,1.026e-05,1.0,0.0,0.0,1.0,0.0,0.0,1.0,0.0,0.0,1.0,0.0,0.0,1.0
8.69e-06,8.69e-06,1.0,0.0,0.0,1.0,0.0,0.0,1.0,0.0,0.0,1.0,0.0,0.0,1.0
7.02e-06,7.02e-06,1.0,0.0,0.0,1.0,0.0,0.0,1.0,0.0,0.0,1.0,0.0,0.0,1.0
5.67e-06,5.67e-06,1.0,0.0,0.0,1.0,0.0,0.0,1.0,0.0,0.0,1.0,0.0,0.0,1.0
4.56e-06,4.56e-06,1.0,0.0,0.0,1.0,0.0,0.0,1.0,0.0,0.0,1.0,0.0,0.0,1.0
3.9e-06,3.9e-06,1.0,0.0,0.0,1.0,0.0,0.0,1.0,0.0,0.0,1.0,0.0,0.0,1.0
4.2e-06,4.2e-06,1.0,0.0,0.0,1.0,0.0,0.0,1.0,0.0,0.0,1.0,0.0,0.0,1.0
3.46e-06,3.46e-06,1.0,0.0,0.0,1.0,0.0,0.0,1.0,0.0,0.0,1.0,0.0,0.0,1.0
3.88e-06,3.88e-06,1.0,0.0,0.0,1.0,0.0,0.0,1.0,0.0,0.0,1.0,0.0,0.0,1.0
3.02e-06,3.02e-06,1.0,0.0,0.0,1.0,0.0,0.0,1.0,0.0,0.0,1.0,0.0,0.0,1.0
2.34e-06,2.34e-06,1.0,0.0,0.0,1.0,0.0,0.0,1.0,0.0,0.0,1.0,0.0,0.0,1.0
1.81e-06,1.81e-06,1.0,0.0,0.0,1.0,0.0,0.0,1.0,0.0,0.0,1.0,0.0,0.0,1.0
1.4e-06,1.4e-06,1.0,0.0,0.0,1.0,0.0,0.0,1.0,0.0,0.0,1.0,0.0,0.0,1.0
1.08e-06,1.08e-06,1.0,0.0,0.0,1.0,0.0,0.0,1.0,0.0,0.0,1.0,0.0,0.0,1.0
8.3e-07,8.3e-07,1.0,0.0,0.0,1.0,0.0,0.0,1.0,0.0,0.0,1.0,0.0,0.0,1.0
6.4e-07,6.4e-07,1.0,0.0,0.0,1.0,0.0,0.0,1.0,0.0,0.0,1.0,0.0,0.0,1.0
4.9e-07,4.9e-07,1.0,0.0,0.0,1.0,0.0,0.0,1.0,0.0,0.0,1.0,0.0,0.0,1.0
3.7e-07,3.7e-07,1.0,0.0,0.0,1.0,0.0,0.0,1.0,0.0,0.0,1.0,0.0,0.0,1.0
2.8e-07,2.8e-07,1.0,0.0,0.0,1.0,0.0,0.0,1.0,0.0,0.0,1.0,0.0,0.0,1.0
2.1e-07,2.1e-07,1.0,0.0,0.0,1.0,0.0,0.0,1.0,0.0,0.0,1.0,0.0,0.0,1.0
1.6e-07,1.6e-07,1.0,0.0,0.0,1.0,0.0,0.0,1.0,0.0,0.0,1.0,0.0,0.0,1.0
1.2e-07,1.2e-07,1.0,0.0,0.0,1.0,0.0,0.0,1.0,0.0,0.0,1.0,0.0,0.0,1.0
9e-08,9e-08,1.0,0.0,0.0,1.0,0.0,0.0,1.0,0.0,0.0,1.0,0.0,0.0,1.0
7e-08,7e-08,1.0,0.0,0.0,1.0,0.0,0.0,1.0,0.0,0.0,1.0,0.0,0.0,1.0
5e-08,5e-08,1.0,0.0,0.0,1.0,0.0,0.0,1.0,0.0,0.0,1.0,0.0,0.0,1.0
4e-08,4e-08,1.0,0.0,0.0,1.0,0.0,0.0,1.0,0.0,0.0,1.0,0.0,0.0,1.0
3e-08,3e-08,1.0,0.0,0.0,1.0,0.0,0.0,1.0,0.0,0.0,1.0,0.0,0.0,1.0
2e-08,2e-08,1.0,0.0,0.0,1.0,0.0,0.0,1.0,0.0,0.0,1.0,0.0,0.0,1.0
2e-08,2e-08,1.0,0.0,0.0,1.0,0.0,0.0,1.0,0.0,0.0,1.0,0.0,0.0,1.0
1e-08,1e-08,1.0,0.0,0.0,1.0,0.0,0.0,1.0,0.0,0.0,1.0,0.0,0.0,1.0
1e-08,1e-08,1.0,0.0,0.0,1.0,0.0,0.0,1.0,0.0,0.0,1.0,0.0,0.0,1.0
1e-08,1e-08,1.0,0.0,0.0,1.0,0.0,0.0,1.0,0.0,0.0,1.0,0.0,0.0,1.0
0.0,0.0,1.0,0.0,0.0,1.0,0.0,0.0,1.0,0.0,0.0,1.0,0.0,0.0,1.0
0.0,0.0,1.0,0.0,0.0,1.0,0.0,0.0,1.0,0.0,0.0,1.0,0.0,0.0,1.0
0.0,0.0,1.0,0.0,0.0,1.0,0.0,0.0,1.0,0.0,0.0,1.0,0.0,0.0,1.0
0.0,0.0,1.0,0.0,0.0,1.0,0.0,0.0,1.0,0.0,0.0,1.0,0.0,0.0,1.0
0.0,0.0,1.0,0.0,0.0,1.0,0.0,0.0,1.0,0.0,0.0,1.0,0.0,0.0,1.0
0.0,0.0,1.0,0.0,0.0,1.0,0.0,0.0,1.0,0.0,0.0,1.0,0.0,0.0,1.0
0.0,0.0,1.0,0.0,0.0,1.0,0.0,0.0,1.0,0.0,0.0,1.0,0.0,0.0,1.0
0.0,0.0,1.0,0.0,0.0,1.0,0.0,0.0,1.0,0.0,0.0,1.0,0.0,0.0,1.0
0.0,0.0,1.0,0.0,0.0,1.0,0.0,0.0,1.0,0.0,0.0,1.0,0.0,0.0,1.0
0.0,0.0,1.0,0.0,0.0,1.0,0.0,0.0,1.0,0.0,0.0,1.0,0.0,0.0,1.0
0.0,0.0,1.0,0.0,0.0,1.0,0.0,0.0,1.0,0.0,0.0,1.0,0.0,0.0,1.0
0.0,0.0,1.0,0.0,0.0,1.0,0.0,0.0,1.0,0.0,0.0,1.0,0.0,0.0,1.0
0.0,0.0,1.0,0.0,0.0,1.0,0.0,0.0,1.0,0.0,0.0,1.0,0.0,0.0,1.0
0.0,0.0,1.0,0.0,0.0,1.0,0.0,0.0,1.0,0.0,0.0,1.0,0.0,0.0,1.0
0.0,0.0,1.0,0.0,0.0,1.0,0.0,0.0,1.0,0.0,0.0,1.0,0.0,0.0,1.0
0.0,0.0,1.0,0.0,0.0,1.0,0.0,0.0,1.0,0.0,0.0,1.0,0.0,0.0,1.0
0.0,0.0,1.0,0.0,0.0,1.0,0.0,0.0,1.0,0.0,0.0,1.0,0.0,0.0,1.0
0.0,0.0,1.0,0.0,0.0,1.0,0.0,0.0,1.0,0.0,0.0,1.0,0.0,0.0,1.0
0.0,0.0,1.0,0.0,0.0,1.0,0.0,0.0,1.0,0.0,0.0,1.0,0.0,0.0,1.0
0.0,0.0,1.0,0.0,0.0,1.0,0.0,0.0,1.0,0.0,0.0,1.0,0.0,0.0,1.0
0.0,0.0,1.0,0.0,0.0,1.0,0.0,0.0,1.0,0.0,0.0,1.0,0.0,0.0,1.0
0.0,0.0,1.0,0.0,0.0,1.0,0.0,0.0,1.0,0.0,0.0,1.0,0.0,0.0,1.0
0.0,0.0,1.0,0.0,0.0,1.0,0.0,0.0,1.0,0.0,0.0,1.0,0.0,0.0,1.0
0.0,0.0,1.0,0.0,0.0,1.0,0.0,0.0,1.0,0.0,0.0,1.0,0.0,0.0,1.0
0.0,0.0,1.0,0.0,0.0,1.0,0.0,0.0,1.0,0.0,0.0,1.0,0.0,0.0,1.0
0.0,0.0,1.0,0.0,0.0,1.0,0.0,0.0,1.0,0.0,0.0,1.0,0.0,0.0,1.0
0.0,0.0,1.0,0.0,0.0,1.0,0.0,0.0,1.0,0.0,0.0,1.0,0.0,0.0,1.0
0.0,0.0,1.0,0.0,0.0,1.0,0.0,0.0,1.0,0.0,0.0,1.0,0.0,0.0,1.0
0.0,0.0,1.0,0.0,0.0,1.0,0.0,0.0,1.0,0.0,0.0,1.0,0.0,0.0,1.0
0.0,0.0,1.0,0.0,0.0,1.0,0.0,0.0,1.0,0.0,0.0,1.0,0.0,0.0,1.0
0.0,0.0,1.0,0.0,0.0,1.0,0.0,0.0,1.0,0.0,0.0,1.0,0.0,0.0,1.0
0.0,0.0,1.0,0.0,0.0,1.0,0.0,0.0,1.0,0.0,0.0,1.0,0.0,0.0,1.0
0.0,0.0,1.0,0.0,0.0,1.0,0.0,0.0,1.0,0.0,0.0,1.0,0.0,0.0,1.0
0.0,0.0,1.0,0.0,0.0,1.0,0.0,0.0,1.0,0.0,0.0,1.0,0.0,0.0,1.0
0.0,0.0,1.0,0.0,0.0,1.0,0.0,0.0,1.0,0.0,0.0,1.0,0.0,0.0,1.0
0.0,0.0,1.0,0.0,0.0,1.0,0.0,0.0,1.0,0.0,0.0,1.0,0.0,0.0,1.0
0.0,0.0,1.0,0.0,0.0,1.0,0.0,0.0,1.0,0.0,0.0,1.0,0.0,0.0,1.0
0.0,0.0,1.0,0.0,0.0,1.0,0.0,0.0,1.0,0.0,0.0,1.0,0.0,0.0,1.0
0.0,0.0,1.0,0.0,0.0,1.0,0.0,0.0,1.0,0.0,0.0,1.0,0.0,0.0,1.0
0.0,0.0,1.0,0.0,0.0,1.0,0.0,0.0,1.0,0.0,0.0,1.0,0.0,0.0,1.0
0.0,0.0,1.0,0.0,0.0,1.0,0.0,0.0,1.0,0.0,0.0,1.0,0.0,0.0,1.0
0.0,0.0,1.0,0.0,0.0,1.0,0.0,0.0,1.0,0.0,0.0,1.0,0.0,0.0,1.0
0.0,0.0,1.0,0.0,0.0,1.0,0.0,0.0,1.0,0.0,0.0,1.0,0.0,0.0,1.0
0.0,0.0,1.0,0.0,0.0,1.0,0.0,0.0,1.0,0.0,0.0,1.0,0.0,0.0,1.0
0.0,0.0,1.0,0.0,0.0,1.0,0.0,0.0,1.0,0.0,0.0,1.0,0.0,0.0,1.0
0.0,0.0,1.0,0.0,0.0,1.0,0.0,0.0,1.0,0.0,0.0,1.0,0.0,0.0,1.0
0.0,0.0,1.0,0.0,0.0,1.0,0.0,0.0,1.0,0.0,0.0,1.0,0.0,0.0,1.0
0.0,0.0,1.0,0.0,0.0,1.0,0.0,0.0,1.0,0.0,0.0,1.0,0.0,0.0,1.0
0.0,0.0,1.0,0.0,0.0,1.0,0.0,0.0,1.0,0.0,0.0,1.0,0.0,0.0,1.0
0.0,0.0,1.0,0.0,0.0,1.0,0.0,0.0,1.0,0.0,0.0,1.0,0.0,0.0,1.0
0.0,0.0,1.0,0.0,0.0,1.0,0.0,0.0,1.0,0.0,0.0,1.0,0.0,0.0,1.0
0.0,0.0,1.0,0.0,0.0,1.0,0.0,0.0,1.0,0.0,0.0,1.0,0.0,0.0,1.0
0.0,0.0,1.0,0.0,0.0,1.0,0.0,0.0,1.0,0.0,0.0,1.0,0.0,0.0,1.0
0.0,0.0,1.0,0.0,0.0,1.0,0.0,0.0,1.0,0.0,0.0,1.0,0.0,0.0,1.0
0.0,0.0,1.0,0.0,0.0,1.0,0.0,0.0,1.0,0.0,0.0,1.0,0.0,0.0,1.0
0.0,0.0,1.0,0.0,0.0,1.0,0.0,0.0,1.0,0.0,0.0,1.0,0.0,0.0,1.0
0.0,0.0,1.0,0.0,0.0,1.0,0.0,0.0,1.0,0.0,0.0,1.0,0.0,0.0,1.0
0.0,0.0,1.0,0.0,0.0,1.0,0.0,0.0,1.0,0.0,0.0,1.0,0.0,0.0,1.0
0.0,0.0,1.0,0.0,0.0,1.0,0.0,0.0,1.0,0.0,0.0,1.0,0.0,0.0,1.0
0.0,0.0,1.0,0.0,0.0,1.0,0.0,0.0,1.0,0.0,0.0,1.0,0.0,0.0,1.0
0.0,0.0,1.0,0.0,0.0,1.0,0.0,0.0,1.0,0.0,0.0,1.0,0.0,0.0,1.0
0.0,0.0,1.0,0.0,0.0,1.0,0.0,0.0,1.0,0.0,0.0,1.0,0.0,0.0,1.0
0.0,0.0,1.0,0.0,0.0,1.0,0.0,0.0,1.0,0.0,0.0,1.0,0.0,0.0,1.0
0.0,0.0,1.0,0.0,0.0,1.0,0.0,0.0,1.0,0.0,0.0,1.0,0.0,0.0,1.0
0.0,0.0,1.0,0.0,0.0,1.0,0.0,0.0,1.0,0.0,0.0,1.0,0.0,0.0,1.0
0.0,0.0,1.0,0.0,0.0,1.0,0.0,0.0,1.0,0.0,0.0,1.0,0.0,0.0,1.0
0.0,0.0,1.0,0.0,0.0,1.0,0.0,0.0,1.0,0.0,0.0,1.0,0.0,0.0,1.0
0.0,0.0,1.0,0.0,0.0,1.0,0.0,0.0,1.0,0.0,0.0,1.0,0.0,0.0,1.0
0.0,0.0,1.0,0.0,0.0,1.0,0.0,0.0,1.0,0.0,0.0,1.0,0.0,0.0,1.0
0.0,0.0,1.0,0.0,0.0,1.0,0.0,0.0,1.0,0.0,0.0,1.0,0.0,0.0,1.0
0.0,0.0,1.0,0.0,0.0,1.0,0.0,0.0,1.0,0.0,0.0,1.0,0.0,0.0,1.0
0.0,0.0,1.0,0.0,0.0,1.0,0.0,0.0,1.0,0.0,0.0,1.0,0.0,0.0,1.0
0.0,0.0,1.0,0.0,0.0,1.0,0.0,0.0,1.0,0.0,0.0,1.0,0.0,0.0,1.0
0.0,0.0,1.0,0.0,0.0,1.0,0.0,0.0,1.0,0.0,0.0,1.0,0.0,0.0,1.0
0.0,0.0,1.0,0.0,0.0,1.0,0.0,0.0,1.0,0.0,0.0,1.0,0.0,0.0,1.0
0.0,0.0,1.0,0.0,0.0,1.0,0.0,0.0,1.0,0.0,0.0,1.0,0.0,0.0,1.0
0.0,0.0,1.0,0.0,0.0,1.0,0.0,0.0,1.0,0.0,0.0,1.0,0.0,0.0,1.0
0.0,0.0,1.0,0.0,0.0,1.0,0.0,0.0,1.0,0.0,0.0,1.0,0.0,0.0,1.0
0.0,0.0,1.0,0.0,0.0,1.0,0.0,0.0,1.0,0.0,0.0,1.0,0.0,0.0,1.0
0.0,0.0,1.0,0.0,0.0,1.0,0.0,0.0,1.0,0.0,0.0,1.0,0.0,0.0,1.0
0.0,0.0,1.0,0.0,0.0,1.0,0.0,0.0,1.0,0.0,0.0,1.0,0.0,0.0,1.0
0.0,0.0,1.0,0.0,0.0,1.0,0.0,0.0,1.0,0.0,0.0,1.0,0.0,0.0,1.0
0.0,0.0,1.0,0.0,0.0,1.0,0.0,0.0,1.0,0.0,0.0,1.0,0.0,0.0,1.0
0.0,0.0,1.0,0.0,0.0,1.0,0.0,0.0,1.0,0.0,0.0,1.0,0.0,0.0,1.0
0.0,0.0,1.0,0.0,0.0,1.0,0.0,0.0,1.0,0.0,0.0,1.0,0.0,0.0,1.0
0.0,0.0,1.0,0.0,0.0,1.0,0.0,0.0,1.0,0.0,0.0,1.0,0.0,0.0,1.0
0.0,0.0,1.0,0.0,0.0,1.0,0.0,0.0,1.0,0.0,0.0,1.0,0.0,0.0,1.0
0.0,0.0,1.0,0.0,0.0,1.0,0.0,0.0,1.0,0.0,0.0,1.0,0.0,0.0,1.0
0.0,0.0,1.0,0.0,0.0,1.0,0.0,0.0,1.0,0.0,0.0,1.0,0.0,0.0,1.0
0.0,0.0,1.0,0.0,0.0,1.0,0.0,0.0,1.0,0.0,0.0,1.0,0.0,0.0,1.0
0.0,0.0,1.0,0.0,0.0,1.0,0.0,0.0,1.0,0.0,0.0,1.0,0.0,0.0,1.0
0.0,0.0,1.0,0.0,0.0,1.0,0.0,0.0,1.0,0.0,0.0,1.0,0.0,0.0,1.0
0.0,0.0,1.0,0.0,0.0,1.0,0.0,0.0,1.0,0.0,0.0,1.0,0.0,0.0,1.0
0.0,0.0,1.0,0.0,0.0,1.0,0.0,0.0,1.0,0.0,0.0,1.0,0.0,0.0,1.0
0.0,0.0,1.0,0.0,0.0,1.0,0.0,0.0,1.0,0.0,0.0,1.0,0.0,0.0,1.0
0.0,0.0,1.0,0.0,0.0,1.0,0.0,0.0,1.0,0.0,0.0,1.0,0.0,0.0,1.0
0.0,0.0,1.0,0.0,0.0,1.0,0.0,0.0,1.0,0.0,0.0,1.0,0.0,0.0,1.0
0.0,0.0,1.0,0.0,0.0,1.0,0.0,0.0,1.0,0.0,0.0,1.0,0.0,0.0,1.0
0.0,0.0,1.0,0.0,0.0,1.0,0.0,0.0,1.0,0.0,0.0,1.0,0.0,0.0,1.0
0.0,0.0,1.0,0.0,0.0,1.0,0.0,0.0,1.0,0.0,0.0,1.0,0.0,0.0,1.0
0.0,0.0,1.0,0.0,0.0,1.0,0.0,0.0,1.0,0.0,0.0,1.0,0.0,0.0,1.0
0.0,0.0,1.0,0.0,0.0,1.0,0.0,0.0,1.0,0.0,0.0,1.0,0.0,0.0,1.0
0.0,0.0,1.0,0.0,0.0,1.0,0.0,0.0,1.0,0.0,0.0,1.0,0.0,0.0,1.0
0.0,0.0,1.0,0.0,0.0,1.0,0.0,0.0,1.0,0.0,0.0,1.0,0.0,0.0,1.0
0.0,0.0,1.0,0.0,0.0,1.0,0.0,0.0,1.0,0.0,0.0,1.0,0.0,0.0,1.0
0.0,0.0,1.0,0.0,0.0,1.0,0.0,0.0,1.0,0.0,0.0,1.0,0.0,0.0,1.0
0.0,0.0,1.0,0.0,0.0,1.0,0.0,0.0,1.0,0.0,0.0,1.0,0.0,0.0,1.0
0.0,0.0,1.0,0.0,0.0,1.0,0.0,0.0,1.0,0.0,0.0,1.0,0.0,0.0,1.0
0.0,0.0,1.0,0.0,0.0,1.0,0.0,0.0,1.0,0.0,0.0,1.0,0.0,0.0,1.0
0.0,0.0,1.0,0.0,0.0,1.0,0.0,0.0,1.0,0.0,0.0,1.0,0.0,0.0,1.0
0.0,0.0,1.0,0.0,0.0,1.0,0.0,0.0,1.0,0.0,0.0,1.0,0.0,0.0,1.0
0.0,0.0,1.0,0.0,0.0,1.0,0.0,0.0,1.0,0.0,0.0,1.0,0.0,0.0,1.0
0.0,0.0,1.0,0.0,0.0,1.0,0.0,0.0,1.0,0.0,0.0,1.0,0.0,0.0,1.0
0.0,0.0,1.0,0.0,0.0,1.0,0.0,0.0,1.0,0.0,0.0,1.0,0.0,0.0,1.0
0.0,0.0,1.0,0.0,0.0,1.0,0.0,0.0,1.0,0.0,0.0,1.0,0.0,0.0,1.0
0.0,0.0,1.0,0.0,0.0,1.0,0.0,0.0,1.0,0.0,0.0,1.0,0.0,0.0,1.0
0.0,0.0,1.0,0.0,0.0,1.0,0.0,0.0,1.0,0.0,0.0,1.0,0.0,0.0,1.0
0.0,0.0,1.0,0.0,0.0,1.0,0.0,0.0,1.0,0.0,0.0,1.0,0.0,0.0,1.0
0.0,0.0,1.0,0.0,0.0,1.0,0.0,0.0,1.0,0.0,0.0,1.0,0.0,0.0,1.0
0.0,0.0,1.0,0.0,0.0,1.0,0.0,0.0,1.0,0.0,0.0,1.0,0.0,0.0,1.0
0.0,0.0,1.0,0.0,0.0,1.0,0.0,0.0,1.0,0.0,0.0,1.0,0.0,0.0,1.0
0.0,0.0,1.0,0.0,0.0,1.0,0.0,0.0,1.0,0.0,0.0,1.0,0.0,0.0,1.0
0.0,0.0,1.0,0.0,0.0,1.0,0.0,0.0,1.0,0.0,0.0,1.0,0.0,0.0,1.0
0.0,0.0,1.0,0.0,0.0,1.0,0.0,0.0,1.0,0.0,0.0,1.0,0.0,0.0,1.0
0.0,0.0,1.0,0.0,0.0,1.0,0.0,0.0,1.0,0.0,0.0,1.0,0.0,0.0,1.0
0.0,0.0,1.0,0.0,0.0,1.0,0.0,0.0,1.0,0.0,0.0,1.0,0.0,0.0,1.0
0.0,0.0,1.0,0.0,0.0,1.0,0.0,0.0,1.0,0.0,0.0,1.0,0.0,0.0,1.0
0.0,0.0,1.0,0.0,0.0,1.0,0.0,0.0,1.0,0.0,0.0,1.0,0.0,0.0,1.0
0.0,0.0,1.0,0.0,0.0,1.0,0.0,0.0,1.0,0.0,0.0,1.0,0.0,0.0,1.0
0.0,0.0,1.0,0.0,0.0,1.0,0.0,0.0,1.0,0.0,0.0,1.0,0.0,0.0,1.0
0.0,0.0,1.0,0.0,0.0,1.0,0.0,0.0,1.0,0.0,0.0,1.0,0.0,0.0,1.0
0.0,0.0,1.0,0.0,0.0,1.0,0.0,0.0,1.0,0.0,0.0,1.0,0.0,0.0,1.0
0.0,0.0,1.0,0.0,0.0,1.0,0.0,0.0,1.0,0.0,0.0,1.0,0.0,0.0,1.0
0.0,0.0,1.0,0.0,0.0,1.0,0.0,0.0,1.0,0.0,0.0,1.0,0.0,0.0,1.0
0.0,0.0,1.0,0.0,0.0,1.0,0.0,0.0,1.0,0.0,0.0,1.0,0.0,0.0,1.0
0.0,0.0,1.0,0.0,0.0,1.0,0.0,0.0,1.0,0.0,0.0,1.0,0.0,0.0,1.0
0.0,0.0,1.0,0.0,0.0,1.0,0.0,0.0,1.0,0.0,0.0,1.0,0.0,0.0,1.0
0.0,0.0,1.0,0.0,0.0,1.0,0.0,0.0,1.0,0.0,0.0,1.0,0.0,0.0,1.0
0.0,0.0,1.0,0.0,0.0,1.0,0.0,0.0,1.0,0.0,0.0,1.0,0.0,0.0,1.0
0.0,0.0,1.0,0.0,0.0,1.0,0.0,0.0,1.0,0.0,0.0,1.0,0.0,0.0,1.0
0.0,0.0,1.0,0.0,0.0,1.0,0.0,0.0,1.0,0.0,0.0,1.0,0.0,0.0,1.0
0.0,0.0,1.0,0.0,0.0,1.0,0.0,0.0,1.0,0.0,0.0,1.0,0.0,0.0,1.0
0.0,0.0,1.0,0.0,0.0,1.0,0.0,0.0,1.0,0.0,0.0,1.0,0.0,0.0,1.0
0.0,0.0,1.0,0.0,0.0,1.0,0.0,0.0,1.0,0.0,0.0,1.0,0.0,0.0,1.0
0.0,0.0,1.0,0.0,0.0,1.0,0.0,0.0,1.0,0.0,0.0,1.0,0.0,0.0,1.0
0.0,0.0,1.0,0.0,0.0,1.0,0.0,0.0,1.0,0.0,0.0,1.0,0.0,0.0,1.0
0.0,0.0,1.0,0.0,0.0,1.0,0.0,0.0,1.0,0.0,0.0,1.0,0.0,0.0,1.0
0.0,0.0,1.0,0.0,0.0,1.0,0.0,0.0,1.0,0.0,0.0,1.0,0.0,0.0,1.0
0.0,0.0,1.0,0.0,0.0,1.0,0.0,0.0,1.0,0.0,0.0,1.0,0.0,0.0,1.0
0.0,0.0,1.0,0.0,0.0,1.0,0.0,0.0,1.0,0.0,0.0,1.0,0.0,0.0,1.0
0.0,0.0,1.0,0.0,0.0,1.0,0.0,0.0,1.0,0.0,0.0,1.0,0.0,0.0,1.0
0.0,0.0,1.0,0.0,0.0,1.0,0.0,0.0,1.0,0.0,0.0,1.0,0.0,0.0,1.0
0.0,0.0,1.0,0.0,0.0,1.0,0.0,0.0,1.0,0.0,0.0,1.0,0.0,0.0,1.0
0.0,0.0,1.0,0.0,0.0,1.0,0.0,0.0,1.0,0.0,0.0,1.0,0.0,0.0,1.0
0.0,0.0,1.0,0.0,0.0,1.0,0.0,0.0,1.0,0.0,0.0,1.0,0.0,0.0,1.0
0.0,0.0,1.0,0.0,0.0,1.0,0.0,0.0,1.0,0.0,0.0,1.0,0.0,0.0,1.0
0.0,0.0,1.0,0.0,0.0,1.0,0.0,0.0,1.0,0.0,0.0,1.0,0.0,0.0,1.0
0.0,0.0,1.0,0.0,0.0,1.0,0.0,0.0,1.0,0.0,0.0,1.0,0.0,0.0,1.0
0.0,0.0,1.0,0.0,0.0,1.0,0.0,0.0,1.0,0.0,0.0,1.0,0.0,0.0,1.0
0.0,0.0,1.0,0.0,0.0,1.0,0.0,0.0,1.0,0.0,0.0,1.0,0.0,0.0,1.0
0.0,0.0,1.0,0.0,0.0,1.0,0.0,0.0,1.0,0.0,0.0,1.0,0.0,0.0,1.0
0.0,0.0,1.0,0.0,0.0,1.0,0.0,0.0,1.0,0.0,0.0,1.0,0.0,0.0,1.0
0.0,0.0,1.0,0.0,0.0,1.0,0.0,0.0,1.0,0.0,0.0,1.0,0.0,0.0,1.0
0.0,0.0,1.0,0.0,0.0,1.0,0.0,0.0,1.0,0.0,0.0,1.0,0.0,0.0,1.0
0.0,0.0,1.0,0.0,0.0,1.0,0.0,0.0,1.0,0.0,0.0,1.0,0.0,0.0,1.0
0.0,0.0,1.0,0.0,0.0,1.0,0.0,0.0,1.0,0.0,0.0,1.0,0.0,0.0,1.0
0.0,0.0,1.0,0.0,0.0,1.0,0.0,0.0,1.0,0.0,0.0,1.0,0.0,0.0,1.0
0.0,0.0,1.0,0.0,0.0,1.0,0.0,0.0,1.0,0.0,0.0,1.0,0.0,0.0,1.0
0.0,0.0,1.0,0.0,0.0,1.0,0.0,0.0,1.0,0.0,0.0,1.0,0.0,0.0,1.0
0.0,0.0,1.0,0.0,0.0,1.0,0.0,0.0,1.0,0.0,0.0,1.0,0.0,0.0,1.0
0.0,0.0,1.0,0.0,0.0,1.0,0.0,0.0,1.0,0.0,0.0,1.0,0.0,0.0,1.0
0.0,0.0,1.0,0.0,0.0,1.0,0.0,0.0,1.0,0.0,0.0,1.0,0.0,0.0,1.0
0.0,0.0,1.0,0.0,0.0,1.0,0.0,0.0,1.0,0.0,0.0,1.0,0.0,0.0,1.0
0.0,0.0,1.0,0.0,0.0,1.0,0.0,0.0,1.0,0.0,0.0,1.0,0.0,0.0,1.0
0.0,0.0,1.0,0.0,0.0,1.0,0.0,0.0,1.0,0.0,0.0,1.0,0.0,0.0,1.0
0.0,0.0,1.0,0.0,0.0,1.0,0.0,0.0,1.0,0.0,0.0,1.0,0.0,0.0,1.0
0.0,0.0,1.0,0.0,0.0,1.0,0.0,0.0,1.0,0.0,0.0,1.0,0.0,0.0,1.0
0.0,0.0,1.0,0.0,0.0,1.0,0.0,0.0,1.0,0.0,0.0,1.0,0.0,0.0,1.0
0.0,0.0,1.0,0.0,0.0,1.0,0.0,0.0,1.0,0.0,0.0,1.0,0.0,0.0,1.0
0.0,0.0,1.0,0.0,0.0,1.0,0.0,0.0,1.0,0.0,0.0,1.0,0.0,0.0,1.0
0.0,0.0,1.0,0.0,0.0,1.0,0.0,0.0,1.0,0.0,0.0,1.0,0.0,0.0,1.0
0.0,0.0,1.0,0.0,0.0,1.0,0.0,0.0,1.0,0.0,0.0,1.0,0.0,0.0,1.0
0.0,0.0,1.0,0.0,0.0,1.0,0.0,0.0,1.0,0.0,0.0,1.0,0.0,0.0,1.0
0.0,0.0,1.0,0.0,0.0,1.0,0.0,0.0,1.0,0.0,0.0,1.0,0.0,0.0,1.0
0.0,0.0,1.0,0.0,0.0,1.0,0.0,0.0,1.0,0.0,0.0,1.0,0.0,0.0,1.0
0.0,0.0,1.0,0.0,0.0,1.0,0.0,0.0,1.0,0.0,0.0,1.0,0.0,0.0,1.0
0.0,0.0,1.0,0.0,0.0,1.0,0.0,0.0,1.0,0.0,0.0,1.0,0.0,0.0,1.0
0.0,0.0,1.0,0.0,0.0,1.0,0.0,0.0,1.0,0.0,0.0,1.0,0.0,0.0,1.0
0.0,0.0,1.0,0.0,0.0,1.0,0.0,0.0,1.0,0.0,0.0,1.0,0.0,0.0,1.0
0.0,0.0,1.0,0.0,0.0,1.0,0.0,0.0,1.0,0.0,0.0,1.0,0.0,0.0,1.0
0.0,0.0,1.0,0.0,0.0,1.0,0.0,0.0,1.0,0.0,0.0,1.0,0.0,0.0,1.0
0.0,0.0,1.0,0.0,0.0,1.0,0.0,0.0,1.0,0.0,0.0,1.0,0.0,0.0,1.0
0.0,0.0,1.0,0.0,0.0,1.0,0.0,0.0,1.0,0.0,0.0,1.0,0.0,0.0,1.0
0.0,0.0,1.0,0.0,0.0,1.0,0.0,0.0,1.0,0.0,0.0,1.0,0.0,0.0,1.0
0.0,0.0,1.0,0.0,0.0,1.0,0.0,0.0,1.0,0.0,0.0,1.0,0.0,0.0,1.0
0.0,0.0,1.0,0.0,0.0,1.0,0.0,0.0,1.0,0.0,0.0,1.0,0.0,0.0,1.0
0.0,0.0,1.0,0.0,0.0,1.0,0.0,0.0,1.0,0.0,0.0,1.0,0.0,0.0,1.0
0.0,0.0,1.0,0.0,0.0,1.0,0.0,0.0,1.0,0.0,0.0,1.0,0.0,0.0,1.0
0.0,0.0,1.0,0.0,0.0,1.0,0.0,0.0,1.0,0.0,0.0,1.0,0.0,0.0,1.0
0.0,0.0,1.0,0.0,0.0,1.0,0.0,0.0,1.0,0.0,0.0,1.0,0.0,0.0,1.0
0.0,0.0,1.0,0.0,0.0,1.0,0.0,0.0,1.0,0.0,0.0,1.0,0.0,0.0,1.0
0.0,0.0,1.0,0.0,0.0,1.0,0.0,0.0,1.0,0.0,0.0,1.0,0.0,0.0,1.0
0.0,0.0,1.0,0.0,0.0,1.0,0.0,0.0,1.0,0.0,0.0,1.0,0.0,0.0,1.0
0.0,0.0,1.0,0.0,0.0,1.0,0.0,0.0,1.0,0.0,0.0,1.0,0.0,0.0,1.0
0.0,0.0,1.0,0.0,0.0,1.0,0.0,0.0,1.0,0.0,0.0,1.0,0.0,0.0,1.0
0.0,0.0,1.0,0.0,0.0,1.0,0.0,0.0,1.0,0.0,0.0,1.0,0.0,0.0,1.0
0.0,0.0,1.0,0.0,0.0,1.0,0.0,0.0,1.0,0.0,0.0,1.0,0.0,0.0,1.0
0.0,0.0,1.0,0.0,0.0,1.0,0.0,0.0,1.0,0.0,0.0,1.0,0.0,0.0,1.0
0.0,0.0,1.0,0.0,0.0,1.0,0.0,0.0,1.0,0.0,0.0,1.0,0.0,0.0,1.0
0.0,0.0,1.0,0.0,0.0,1.0,0.0,0.0,1.0,0.0,0.0,1.0,0.0,0.0,1.0
0.0,0.0,1.0,0.0,0.0,1.0,0.0,0.0,1.0,0.0,0.0,1.0,0.0,0.0,1.0
0.0,0.0,1.0,0.0,0.0,1.0,0.0,0.0,1.0,0.0,0.0,1.0,0.0,0.0,1.0
0.0,0.0,1.0,0.0,0.0,1.0,0.0,0.0,1.0,0.0,0.0,1.0,0.0,0.0,1.0
0.0,0.0,1.0,0.0,0.0,1.0,0.0,0.0,1.0,0.0,0.0,1.0,0.0,0.0,1.0
0.0,0.0,1.0,0.0,0.0,1.0,0.0,0.0,1.0,0.0,0.0,1.0,0.0,0.0,1.0
0.0,0.0,1.0,0.0,0.0,1.0,0.0,0.0,1.0,0.0,0.0,1.0,0.0,0.0,1.0
0.0,0.0,1.0,0.0,0.0,1.0,0.0,0.0,1.0,0.0,0.0,1.0,0.0,0.0,1.0
0.0,0.0,1.0,0.0,0.0,1.0,0.0,0.0,1.0,0.0,0.0,1.0,0.0,0.0,1.0
0.0,0.0,1.0,0.0,0.0,1.0,0.0,0.0,1.0,0.0,0.0,1.0,0.0,0.0,1.0
0.0,0.0,1.0,0.0,0.0,1.0,0.0,0.0,1.0,0.0,0.0,1.0,0.0,0.0,1.0
0.0,0.0,1.0,0.0,0.0,1.0,0.0,0.0,1.0,0.0,0.0,1.0,0.0,0.0,1.0
0.0,0.0,1.0,0.0,0.0,1.0,0.0,0.0,1.0,0.0,0.0,1.0,0.0,0.0,1.0
0.0,0.0,1.0,0.0,0.0,1.0,0.0,0.0,1.0,0.0,0.0,1.0,0.0,0.0,1.0
0.0,0.0,1.0,0.0,0.0,1.0,0.0,0.0,1.0,0.0,0.0,1.0,0.0,0.0,1.0
0.0,0.0,1.0,0.0,0.0,1.0,0.0,0.0,1.0,0.0,0.0,1.0,0.0,0.0,1.0
0.0,0.0,1.0,0.0,0.0,1.0,0.0,0.0,1.0,0.0,0.0,1.0,0.0,0.0,1.0
0.0,0.0,1.0,0.0,0.0,1.0,0.0,0.0,1.0,0.0,0.0,1.0,0.0,0.0,1.0
0.0,0.0,1.0,0.0,0.0,1.0,0.0,0.0,1.0,0.0,0.0,1.0,0.0,0.0,1.0
0.0,0.0,1.0,0.0,0.0,1.0,0.0,0.0,1.0,0.0,0.0,1.0,0.0,0.0,1.0
0.0,0.0,1.0,0.0,0.0,1.0,0.0,0.0,1.0,0.0,0.0,1.0,0.0,0.0,1.0
0.0,0.0,1.0,0.0,0.0,1.0,0.0,0.0,1.0,0.0,0.0,1.0,0.0,0.0,1.0
0.0,0.0,1.0,0.0,0.0,1.0,0.0,0.0,1.0,0.0,0.0,1.0,0.0,0.0,1.0
0.0,0.0,1.0,0.0,0.0,1.0,0.0,0.0,1.0,0.0,0.0,1.0,0.0,0.0,1.0
0.0,0.0,1.0,0.0,0.0,1.0,0.0,0.0,1.0,0.0,0.0,1.0,0.0,0.0,1.0
0.0,0.0,1.0,0.0,0.0,1.0,0.0,0.0,1.0,0.0,0.0,1.0,0.0,0.0,1.0
0.0,0.0,1.0,0.0,0.0,1.0,0.0,0.0,1.0,0.0,0.0,1.0,0.0,0.0,1.0
0.0,0.0,1.0,0.0,0.0,1.0,0.0,0.0,1.0,0.0,0.0,1.0,0.0,0.0,1.0
0.0,0.0,1.0,0.0,0.0,1.0,0.0,0.0,1.0,0.0,0.0,1.0,0.0,0.0,1.0
0.0,0.0,1.0,0.0,0.0,1.0,0.0,0.0,1.0,0.0,0.0,1.0,0.0,0.0,1.0
0.0,0.0,1.0,0.0,0.0,1.0,0.0,0.0,1.0,0.0,0.0,1.0,0.0,0.0,1.0
0.0,0.0,1.0,0.0,0.0,1.0,0.0,0.0,1.0,0.0,0.0,1.0,0.0,0.0,1.0
0.0,0.0,1.0,0.0,0.0,1.0,0.0,0.0,1.0,0.0,0.0,1.0,0.0,0.0,1.0
0.0,0.0,1.0,0.0,0.0,1.0,0.0,0.0,1.0,0.0,0.0,1.0,0.0,0.0,1.0
0.0,0.0,1.0,0.0,0.0,1.0,0.0,0.0,1.0,0.0,0.0,1.0,0.0,0.0,1.0
0.0,0.0,1.0,0.0,0.0,1.0,0.0,0.0,1.0,0.0,0.0,1.0,0.0,0.0,1.0
0.0,0.0,1.0,0.0,0.0,1.0,0.0,0.0,1.0,0.0,0.0,1.0,0.0,0.0,1.0
0.0,0.0,1.0,0.0,0.0,1.0,0.0,0.0,1.0,0.0,0.0,1.0,0.0,0.0,1.0
0.0,0.0,1.0,0.0,0.0,1.0,0.0,0.0,1.0,0.0,0.0,1.0,0.0,0.0,1.0
0.0,0.0,1.0,0.0,0.0,1.0,0.0,0.0,1.0,0.0,0.0,1.0,0.0,0.0,1.0
0.0,0.0,1.0,0.0,0.0,1.0,0.0,0.0,1.0,0.0,0.0,1.0,0.0,0.0,1.0
0.0,0.0,1.0,0.0,0.0,1.0,0.0,0.0,1.0,0.0,0.0,1.0,0.0,0.0,1.0
0.0,0.0,1.0,0.0,0.0,1.0,0.0,0.0,1.0,0.0,0.0,1.0,0.0,0.0,1.0
0.0,0.0,1.0,0.0,0.0,1.0,0.0,0.0,1.0,0.0,0.0,1.0,0.0,0.0,1.0
0.0,0.0,1.0,0.0,0.0,1.0,0.0,0.0,1.0,0.0,0.0,1.0,0.0,0.0,1.0
0.0,0.0,1.0,0.0,0.0,1.0,0.0,0.0,1.0,0.0,0.0,1.0,0.0,0.0,1.0
0.0,0.0,1.0,0.0,0.0,1.0,0.0,0.0,1.0,0.0,0.0,1.0,0.0,0.0,1.0
0.0,0.0,1.0,0.0,0.0,1.0,0.0,0.0,1.0,0.0,0.0,1.0,0.0,0.0,1.0
0.0,0.0,1.0,0.0,0.0,1.0,0.0,0.0,1.0,0.0,0.0,1.0,0.0,0.0,1.0
0.0,0.0,1.0,0.0,0.0,1.0,0.0,0.0,1.0,0.0,0.0,1.0,0.0,0.0,1.0
0.0,0.0,1.0,0.0,0.0,1.0,0.0,0.0,1.0,0.0,0.0,1.0,0.0,0.0,1.0
0.0,0.0,1.0,0.0,0.0,1.0,0.0,0.0,1.0,0.0,0.0,1.0,0.0,0.0,1.0
